episode                                    ckpt       lab     dur   z0 zmin t_close          xyz@close grip_pl   objs cmd_dz_sum  act_dz  cmd_dy  act_dy
ep_teacher_waffles_1787922904_000          teacher_020000.pt F      19.3  333  179   10.4s    (-418,-179,353)    0.49 [0, 3]        -36    -137     378     305
ep_teacher_waffles_1787923361_000          teacher_020000.pt F      19.1  337  137    9.3s    (-385,-264,140)    0.54 [0, 3]        235     -89     607     370
ep_teacher_waffles_1787923675_000          v5_6.pt    F      21.9  307  168    7.2s    (-372,-270,190)    0.52 [0, 3]         19    -139     424     291
ep_teacher_waffles_1787929940_000          v5_6.pt    -      19.3  358  160    9.4s    (-394,-247,161)    0.50 [0, 3]        137     -25     299     197
ep_teacher_waffles_1787930167_001          v5_6.pt    -     (short/aborted, 2 replans)
ep_teacher_waffles_1787930224_002          v5_6.pt    F       6.2  326   63   never                  -    0.40 [0, 3]       -294    -263     -39     -34
ep_teacher_Carton_1787937561_000           v5_6.pt    F      19.2  322  250   never                  -    0.35 [0, 3]        449     442     180     177
ep_teacher_Carton_1787937844_001           v5_6.pt    F       4.2  268  202   never                  -    0.42 [0, 3]       -165     -64     401     204
ep_teacher_Carton_1787938064_000           v5_6.pt    F      12.8  329  329    3.6s    (-446,-129,368)    0.47 [0, 3]        195     187     475     430
ep_teacher_Carton_1787938156_001           v5_6.pt    F       7.9  354  283    2.6s    (-404,-149,356)    0.47 [0, 3]       -311     -64    1322     546
ep_teacher_Carton_1787938241_002           v5_6.pt    F       4.1  354  185   never                  -    0.38 [0, 3]       -362    -168     197     156
ep_teacher_whiteboard_1787939258_000       v5_6.pt    F      13.5  331  194    1.7s    (-339,-207,334)    0.80 [0, 3]       -209    -137     910     522
ep_teacher_whiteboard_1787939348_001       v5_6.pt    F       8.9  296  182    1.6s    (-332,-284,291)    0.89 [0, 3]       -127    -109      16       3
ep_teacher_whiteboard_1787939911_002       v5_6.pt    -c    (short/aborted, 2 replans)
ep_teacher_whiteboard_1787940032_000       v5_6.pt    -c    (short/aborted, 2 replans)
ep_teacher_whiteboard_1787940205_000       v5_6.pt    F      11.8  328  328    1.8s    (-321,-307,336)    0.73 [0, 3]         43      68    1352     670
ep_teacher_whiteboard_1787941182_001       v5_6.pt    -c      4.2  341  341    2.0s    (-292,-270,343)    0.89 [0, 3]         42      31     -36     -30
ep_teacher_whiteboard_1787941222_002       v5_6.pt    F      17.2  297   34    2.0s    (-342,-227,290)    0.76 [0, 3]       -269    -261     553     494
ep_teacher_whiteboard_1787943872_000       v5_6.pt    -       7.0  307  307    1.7s    (-351,-236,315)    0.78 [0, 3]         73      88     754     468
ep_teacher_waffles_1787944282_000          v5_6.pt    -c      7.9  362  362    2.0s    (-386,-245,381)    0.52 [0, 3]        234     427     544     491
ep_teacher_waffles_1787944399_001          v5_6.pt    -c      4.2  319  316    3.5s    (-400,-100,673)    0.45 [0, 3]         68     471     -36     228
ep_teacher_waffles_1787944578_002          v5_6.pt    F      19.1  353  286    3.2s    (-389,-249,298)    0.47 [0, 3]         24      33     144     122
ep_teacher_Carton_1787944743_000           teacher_020000.pt -c      8.0  313  313    2.0s    (-421,-260,341)    0.47 [0, 3]        234     159    1007     548
ep_teacher_Carton_1787944853_001           teacher_020000.pt -c      3.3  354  354   never                  -    0.40 [0, 3]         63     209     -27     108
ep_teacher_Carton_1787944930_002           teacher_020000.pt F       9.0  337   78    5.1s     (-404,-40,153)    0.46 [0, 3]       -268      87     401     512
ep_teacher_waffles_1787945153_000          teacher_020000.pt -       8.9  329  329    4.8s      (-425,-8,437)    0.56 [0, 3]         88      93     848     580
--- ep_teacher_waffles_1787922904_000 teacher_020000.pt F: replan | t | gate | none | cmd chunk dz | cmd window dz | ACTUAL window dz | actual z | cmd window dy | ACTUAL dy | grip_cmd_max | grip_actual
   0   0.0 0.02 0.97   -51.7   -25.5   -19.2    333    16.3    13.5 0.33 0.33
   1   1.3 0.02 0.98   -42.7   -20.7   -22.1    314    30.2    28.6 0.41 0.40
   2   2.3 0.02 0.96   -53.9   -36.8   -36.9    292    11.4    15.3 0.41 0.38
   3   3.2 0.02 0.96   -44.7   -30.5   -31.2    255    32.9    31.1 0.42 0.41
   4   4.1 0.08 0.78   -27.6   -24.3   -27.1    224     9.5    11.5 0.41 0.40
   5   5.0 0.02 0.98   -11.1   -14.4   -15.0    197     9.8     9.7 0.41 0.40
   6   6.0 0.02 0.98    64.7    16.6     3.7    182     5.3     4.7 0.42 0.39
   7   6.9 0.01 1.00   121.5    48.4    34.9    186     4.7     4.1 0.41 0.41
   8   7.9 0.01 1.00   175.0    76.6    70.3    221     4.3     4.4 0.44 0.44
   9   8.8 0.00 1.00   217.5   128.5    88.7    291    23.2    10.9 0.46 0.45
  10   9.7 0.03 0.98   153.2   120.7    90.2    380    70.8    34.9 0.47 0.46
  11  10.6 0.04 0.97   -13.3     6.1    20.7    470    59.9    58.8 0.49 0.47
  12  11.6 0.04 0.98   -56.5   -33.7   -29.2    490    20.4    28.8 0.46 0.42
  13  12.5 0.01 1.00   -79.4   -51.8   -51.7    461    20.4    20.7 0.50 0.49
  14  13.5 0.03 0.98   -66.0   -48.5   -49.5    410     5.2     6.2 0.47 0.47
  15  14.5 0.05 0.93   -67.4   -49.3   -49.2    360     6.8     6.8 0.48 0.45
  16  15.4 0.08 0.88   -55.4   -43.4   -44.7    311     6.3     6.0 0.45 0.43
  17  16.3 0.03 0.96   -47.9   -37.7   -37.0    266     4.3     4.6 0.44 0.41
  18  17.3 0.05 0.95   -39.3   -30.0   -30.6    229     4.5     4.7 0.42 0.41
  19  18.2 0.02 0.98   -26.3   -21.5    -2.0    198     1.8    -0.2 0.40 0.41

--- ep_teacher_waffles_1787923361_000 teacher_020000.pt F: replan | t | gate | none | cmd chunk dz | cmd window dz | ACTUAL window dz | actual z | cmd window dy | ACTUAL dy | grip_cmd_max | grip_actual
   0   0.0 0.01 0.98   -54.8   -28.0   -22.0    337    11.8     9.9 0.17 0.15
   1   1.3 0.01 0.99   -54.4   -27.8   -28.3    315    12.2    12.3 0.19 0.15
   2   2.2 0.02 0.98   -59.5   -34.1   -33.9    287     6.3     7.4 0.21 0.19
   3   3.1 0.02 0.97   -58.4   -34.2   -35.0    253     6.4     6.7 0.22 0.18
   4   4.0 0.02 0.95   -52.4   -30.6   -32.9    218     2.8     3.1 0.24 0.22
   5   5.0 0.04 0.96   -39.6   -22.9   -24.7    185     1.4     1.7 0.26 0.22
   6   5.9 0.03 0.96   -24.3   -15.6   -17.0    160     2.9     2.8 0.29 0.28
   7   6.9 0.06 0.91     6.1    -3.2    -5.8    143     1.2     1.3 0.36 0.32
   8   7.8 0.05 0.93   138.0    23.4    14.1    137     1.8     1.6 0.49 0.48
   9   8.7 0.01 1.00   217.2    93.1    54.4    151     1.7     0.5 0.51 0.51
  10   9.7 0.02 0.99   325.7   188.8    89.6    206    22.0     4.3 0.55 0.54
  11  10.6 0.02 0.99   289.0   197.5    90.3    295    63.6    15.8 0.55 0.54
  12  11.5 0.02 0.99   180.6   134.4    77.4    386   120.3    47.2 0.54 0.54
  13  12.5 0.02 0.99    -0.8    14.1    21.5    463   119.2    83.8 0.50 0.49
  14  13.4 0.10 0.97   -78.9   -36.7   -22.9    484    88.0    85.8 0.52 0.51
  15  14.3 0.04 0.99   -81.4   -51.7   -53.7    462    38.6    48.6 0.52 0.49
  16  15.2 0.03 0.99   -87.8   -63.0   -62.4    408    21.6    22.4 0.52 0.50
  17  16.1 0.07 0.95   -64.4   -48.8   -52.3    345     6.6     7.5 0.49 0.49
  18  17.0 0.10 0.88   -56.8   -43.1   -44.3    293     7.4     7.4 0.47 0.45
  19  18.0 0.05 0.96   -42.3   -33.6    -1.4    249     2.0    -0.1 0.45 0.45

--- ep_teacher_waffles_1787923675_000 v5_6.pt F: replan | t | gate | none | cmd chunk dz | cmd window dz | ACTUAL window dz | actual z | cmd window dy | ACTUAL dy | grip_cmd_max | grip_actual
   0   0.0 0.03 0.94   -50.1   -26.4   -20.9    308     6.1     5.2 0.31 0.31
   1   1.3 0.05 0.90   -43.5   -22.7   -24.0    287     8.7     8.5 0.37 0.36
   2   2.3 0.05 0.92   -47.0   -30.9   -29.6    263     9.7     9.5 0.38 0.37
   3   3.2 0.06 0.89   -36.3   -22.2   -23.1    233     6.8     7.0 0.42 0.40
   4   4.1 0.04 0.93   -21.6   -14.2   -15.8    210     4.9     5.2 0.42 0.42
   5   5.0 0.04 0.94     3.6    -2.1    -5.6    194     4.6     4.1 0.45 0.44
   6   5.9 0.06 0.91    77.8    13.5     8.2    188     3.6     3.7 0.48 0.47
   7   6.9 0.10 0.96   155.7    53.6    43.8    197     5.5     4.4 0.52 0.50
   8   7.8 0.03 0.99   220.8   115.4    84.9    240    17.7     9.4 0.52 0.51
   9   8.7 0.07 0.96   218.7   153.2    86.5    325    66.1    23.7 0.52 0.51
  10   9.7 0.02 0.99   137.0   106.3    77.9    412    92.1    49.5 0.50 0.49
  11  10.6 0.04 0.98   -44.7   -16.5    -2.3    490    62.3    66.8 0.47 0.46
  12  11.5 0.04 0.98   -58.0   -32.9   -32.2    487    24.1    31.3 0.46 0.45
  13  12.5 0.02 0.99   -72.8   -48.2   -48.9    455    19.0    19.6 0.46 0.44
  14  13.4 0.09 0.93   -66.4   -48.6   -47.3    406    11.9    12.1 0.46 0.44
  15  14.3 0.08 0.89   -64.0   -45.0   -45.9    359     9.4     9.8 0.44 0.42
  16  15.3 0.07 0.86   -53.6   -38.1   -40.7    313     6.7     6.9 0.42 0.40
  17  16.2 0.06 0.86   -43.6   -32.8   -33.0    272     3.7     3.8 0.40 0.39
  18  17.1 0.08 0.91   -39.3   -27.4   -27.2    239     3.3     3.5 0.40 0.38
  19  18.1 0.09 0.85   -30.4   -21.5   -21.8    212     2.7     2.4 0.40 0.39
  20  19.0 0.03 0.95   -17.5   -13.2   -16.1    190     1.5     1.6 0.39 0.38
  21  19.9 0.13 0.88   -11.3    -8.9    -6.0    174     3.3     2.6 0.39 0.37
  22  20.9 0.03 0.95    49.3    10.7     0.0    168     3.2     0.0 0.39 0.37

--- ep_teacher_waffles_1787929940_000 v5_6.pt -: replan | t | gate | none | cmd chunk dz | cmd window dz | ACTUAL window dz | actual z | cmd window dy | ACTUAL dy | grip_cmd_max | grip_actual
   0   0.0 0.02 0.94   -61.2   -31.5   -25.7    358     6.7     5.6 0.31 0.31
   1   1.4 0.02 0.95   -58.2   -30.2   -30.9    332     7.7     7.7 0.37 0.36
   2   2.3 0.05 0.90   -60.8   -39.9   -38.7    301     6.2     6.5 0.34 0.33
   3   3.2 0.05 0.89   -58.1   -37.9   -36.8    262     6.5     6.3 0.38 0.37
   4   4.2 0.04 0.90   -45.9   -30.5   -31.2    226     3.4     3.8 0.37 0.36
   5   5.1 0.05 0.88   -28.9   -17.2   -19.0    194     2.4     2.5 0.39 0.38
   6   6.1 0.03 0.96   -15.3    -9.3   -11.1    175     2.4     2.4 0.41 0.40
   7   7.0 0.03 0.95    -1.8    -2.9    -3.8    164     2.3     2.4 0.44 0.43
   8   8.0 0.05 0.87    55.0     7.9     4.0    160     2.1     2.1 0.48 0.47
   9   8.9 0.01 0.99    71.5    15.9    10.1    164     3.6     2.8 0.47 0.46
  10   9.8 0.01 0.99   151.3    47.5    38.3    175     1.6     1.5 0.50 0.49
  11  10.7 0.02 0.99   188.7    95.5    72.7    213     5.8     2.6 0.50 0.49
  12  11.7 0.03 0.98   238.4   147.3    90.9    285    27.0     9.3 0.51 0.50
  13  12.6 0.04 0.98   178.5   138.6    91.5    376    82.9    34.1 0.50 0.48
  14  13.5 0.04 0.98    -5.2     7.8    20.7    468    34.6    36.8 0.45 0.44
  15  14.5 0.02 0.99   -47.2   -27.0   -21.6    488    12.9    20.5 0.42 0.41
  16  15.4 0.04 0.97   -64.4   -36.8   -37.1    467    36.5    35.3 0.44 0.42
  17  16.4 0.05 0.95   -70.7   -48.3   -47.8    430     4.0     6.3 0.44 0.42
  18  17.3 0.06 0.92   -68.7   -46.8   -47.0    382     8.4     8.1 0.43 0.42
  19  18.3 0.05 0.93   -60.6   -42.2    -2.5    335     5.3     0.1 0.42 0.42

--- ep_teacher_waffles_1787930224_002 v5_6.pt F: replan | t | gate | none | cmd chunk dz | cmd window dz | ACTUAL window dz | actual z | cmd window dy | ACTUAL dy | grip_cmd_max | grip_actual
   0   0.0 0.01 0.97   -94.4   -66.1   -52.2    326    -7.1    -6.4 0.25 0.23
   1   1.3 0.02 0.95   -99.0   -69.3   -68.9    273    -7.1    -7.4 0.28 0.27
   2   2.2 0.02 0.94   -98.9   -71.3   -73.7    205   -10.7   -10.2 0.23 0.22
   3   3.2 0.03 0.88   -63.0   -46.8   -52.6    131    -5.6    -6.7 0.27 0.25
   4   4.1 0.04 0.86    -1.6   -13.1   -15.6     78    -3.9    -2.9 0.51 0.40
   5   5.0 0.28 0.44    84.2    -0.7     0.0     63    -2.5     0.0 0.56 0.40

--- ep_teacher_Carton_1787937561_000 v5_6.pt F: replan | t | gate | none | cmd chunk dz | cmd window dz | ACTUAL window dz | actual z | cmd window dy | ACTUAL dy | grip_cmd_max | grip_actual
   0   0.0 0.03 0.95    -9.1     0.1     0.5    322     6.3     3.9 0.17 0.13
   1   1.4 0.03 0.95     3.6     7.9     6.7    322     5.3     5.9 0.18 0.13
   2   2.3 0.04 0.94    -5.5     2.4     3.1    329    17.1    13.1 0.20 0.17
   3   3.3 0.03 0.97    31.2    26.6    23.5    332    17.5    17.3 0.20 0.16
   4   4.2 0.03 0.96   -28.2   -11.5    -2.6    356    26.6    27.3 0.22 0.20
   5   5.2 0.05 0.93    25.3    29.9    24.2    353    62.3    54.6 0.24 0.20
   6   6.1 0.04 0.97   -49.8   -20.8   -13.1    377    54.8    62.7 0.28 0.26
   7   7.0 0.02 0.97   -44.2   -14.1   -15.3    364    73.1    74.1 0.31 0.25
   8   8.0 0.02 0.97   -62.7   -33.6   -31.4    349    44.3    50.5 0.35 0.32
   9   8.9 0.05 0.87   -48.1   -26.0   -28.3    317    43.6    44.4 0.32 0.29
  10   9.8 0.03 0.95   -40.2   -23.5   -25.3    289    19.9    21.8 0.32 0.29
  11  10.7 0.04 0.92   -15.3    -9.1   -11.9    264    11.7    12.4 0.28 0.25
  12  11.7 0.03 0.94    19.3     7.1     3.4    252     5.9     6.1 0.26 0.23
  13  12.6 0.03 0.94    98.0    49.5    44.1    255     3.4     4.1 0.23 0.16
  14  13.5 0.02 0.97   137.6    76.5    77.8    299     2.3     2.9 0.22 0.17
  15  14.5 0.01 0.99   159.7   103.3    86.8    377   -31.2   -13.9 0.20 0.15
  16  15.4 0.00 1.00   151.0   106.1    80.6    464   -63.7   -35.2 0.20 0.15
  17  16.3 0.00 1.00   112.3    84.1    71.7    545   -74.5   -55.2 0.19 0.15
  18  17.2 0.00 1.00    56.5    52.1   148.1    616   -58.4  -119.3 0.21 0.18
  19  18.2 0.02 0.99    16.7    25.5     0.0    764   -30.5     0.0 0.17 0.18

--- ep_teacher_Carton_1787937844_001 v5_6.pt F: replan | t | gate | none | cmd chunk dz | cmd window dz | ACTUAL window dz | actual z | cmd window dy | ACTUAL dy | grip_cmd_max | grip_actual
   0   0.0 0.03 0.93  -108.0   -58.0   -15.3    268   148.5    77.5 0.39 0.38
   1   1.3 0.01 1.00  -127.6   -68.6   -30.1    253   139.5    83.8 0.42 0.42
   2   2.3 0.03 0.99  -142.4   -91.2   -18.3    222   160.4    42.6 0.42 0.42
   3   3.2 0.01 1.00  -135.8   -76.9     0.0    204   144.7    -0.0 0.43 0.42

--- ep_teacher_Carton_1787938064_000 v5_6.pt F: replan | t | gate | none | cmd chunk dz | cmd window dz | ACTUAL window dz | actual z | cmd window dy | ACTUAL dy | grip_cmd_max | grip_actual
   0   0.0 0.03 0.91   -12.8     5.0     6.3    329    50.9    42.6 0.44 0.42
   1   1.3 0.06 0.94    16.3    23.7    20.8    335    46.1    46.3 0.44 0.43
   2   2.3 0.02 0.98     9.0    23.9    24.6    356    87.9    76.6 0.46 0.44
   3   3.2 0.02 0.98     3.2    18.9    19.3    381    72.7    73.8 0.46 0.44
   4   4.2 0.19 0.89   -14.5     9.0    10.6    400    83.9    85.7 0.47 0.45
   5   5.1 0.04 0.97   -23.6     1.3     1.0    411    45.6    55.3 0.46 0.45
   6   6.0 0.02 0.98   -11.1     5.3     3.5    412    22.8    26.5 0.47 0.46
   7   7.0 0.04 0.96     8.6    17.4    14.3    415     7.4     8.3 0.46 0.45
   8   7.9 0.05 0.92    21.0    22.2    21.7    430     3.3     4.5 0.47 0.46
   9   8.9 0.02 0.98    29.3    26.2    26.2    451     3.5     3.4 0.48 0.47
  10   9.8 0.09 0.92    17.7    22.9    22.4    477     5.5     4.4 0.48 0.47
  11  10.8 0.02 0.97    25.2    24.7    16.6    500     3.3     2.6 0.47 0.44
  12  11.7 0.02 0.98    25.9    23.6     0.1    516     4.0     0.0 0.47 0.44

--- ep_teacher_Carton_1787938156_001 v5_6.pt F: replan | t | gate | none | cmd chunk dz | cmd window dz | ACTUAL window dz | actual z | cmd window dy | ACTUAL dy | grip_cmd_max | grip_actual
   0   0.0 0.02 0.93  -118.2   -23.2     6.5    354   195.2    78.7 0.44 0.40
   1   1.3 0.02 0.99  -130.0   -33.3    -7.1    360   184.9    91.7 0.47 0.42
   2   2.3 0.04 0.99  -137.6   -53.4   -10.9    353   214.3    93.1 0.46 0.42
   3   3.2 0.02 0.99  -150.0   -49.1   -12.5    342   209.1    86.8 0.47 0.43
   4   4.2 0.04 0.98  -147.2   -46.7   -11.8    330   201.2    89.6 0.47 0.43
   5   5.1 0.02 0.99  -142.7   -48.4   -19.7    318   183.6    87.9 0.47 0.43
   6   6.0 0.01 1.00  -142.9   -51.1    -8.6    298   164.3    18.6 0.46 0.45
   7   7.0 0.12 0.94  -147.4   -50.9     0.0    290   178.7     0.0 0.48 0.45

--- ep_teacher_Carton_1787938241_002 v5_6.pt F: replan | t | gate | none | cmd chunk dz | cmd window dz | ACTUAL window dz | actual z | cmd window dy | ACTUAL dy | grip_cmd_max | grip_actual
   0   0.0 0.03 0.92  -194.7  -116.8   -45.5    354    72.0    55.7 0.40 0.31
   1   1.3 0.09 0.95  -183.7  -126.9   -72.0    309    57.5    52.9 0.41 0.38
   2   2.2 0.02 0.99  -188.9  -118.2   -51.2    237    67.1    48.1 0.41 0.38
   3   3.2 0.04 0.98  -186.7  -114.0     0.8    185    66.2    -1.2 0.43 0.38

--- ep_teacher_whiteboard_1787939258_000 v5_6.pt F: replan | t | gate | none | cmd chunk dz | cmd window dz | ACTUAL window dz | actual z | cmd window dy | ACTUAL dy | grip_cmd_max | grip_actual
   0   0.0 0.04 0.89   -38.0    -8.8    -3.8    331    74.4    58.0 0.71 0.67
   1   1.3 0.16 0.93   -38.3    -1.8     2.2    328   113.9    85.7 0.77 0.75
   2   2.2 0.41 0.92   -43.4    -6.4     2.3    330   135.0    87.4 0.82 0.80
   3   3.2 0.67 0.92   -52.6   -14.8    -3.1    332   131.6    88.3 0.81 0.80
   4   4.1 0.46 0.92   -67.3   -22.5    -9.4    329   116.1    90.0 0.83 0.80
   5   5.0 0.57 0.91   -71.6   -26.5   -24.2    320    79.9    82.7 0.86 0.82
   6   5.9 0.76 0.75   -64.2   -24.2   -25.4    295    52.7    29.4 0.89 0.88
   7   6.9 0.87 0.63   -52.1   -19.8   -23.8    270    33.6     0.0 0.89 0.89
   8   7.8 0.79 0.69   -35.2   -10.2   -13.2    246    18.2    -0.0 0.91 0.87
   9   8.7 0.97 0.39   -27.2    -6.2    -7.6    233    15.2     0.0 0.93 0.89
  10   9.7 1.00 0.01   -42.2   -11.8   -11.1    225    25.5     0.0 0.92 0.89
  11  10.6 1.00 0.00   -28.9   -14.9   -16.1    214    19.2     0.0 0.96 0.89
  12  11.6 1.00 0.00   -26.0   -13.4    -3.5    198    17.2    -0.0 0.98 0.89
  13  12.5 1.00 0.00   -20.3    -8.5     0.0    195    13.0     0.0 0.98 0.89

--- ep_teacher_whiteboard_1787939348_001 v5_6.pt F: replan | t | gate | none | cmd chunk dz | cmd window dz | ACTUAL window dz | actual z | cmd window dy | ACTUAL dy | grip_cmd_max | grip_actual
   0   0.0 0.04 0.88   -70.2   -37.5   -33.0    296     0.5     0.3 0.86 0.80
   1   1.3 0.93 0.67   -60.1   -28.2   -26.2    263     5.5     3.8 0.97 0.89
   2   2.2 1.00 0.12   -45.3   -14.8   -17.1    237     7.8     7.4 1.04 0.89
   3   3.2 1.00 0.00   -29.4    -9.9   -10.5    220    -2.3    -2.9 1.10 0.89
   4   4.1 1.00 0.00   -32.4   -12.2   -11.0    209     2.5     0.2 1.12 0.89
   5   5.0 1.00 0.00   -28.8   -10.0    -9.3    198     1.5     0.0 1.11 0.89
   6   6.0 1.00 0.00   -27.4    -8.0    -6.8    189    -0.2    -1.2 1.11 0.89
   7   7.0 1.00 0.00   -25.9    -8.3     5.2    182     1.4    -5.0 1.12 0.89
   8   7.9 1.00 0.00   -22.9    -5.2    -0.0    188    -6.4     0.0 1.16 0.89

--- ep_teacher_whiteboard_1787940205_000 v5_6.pt F: replan | t | gate | none | cmd chunk dz | cmd window dz | ACTUAL window dz | actual z | cmd window dy | ACTUAL dy | grip_cmd_max | grip_actual
   0   0.0 0.03 0.92    30.1    31.4    29.1    328    67.7    50.6 0.70 0.68
   1   1.4 0.61 0.79     8.5    26.5    28.3    357   108.1    82.6 0.71 0.69
   2   2.3 0.91 0.45     1.6    23.5    24.2    385   123.9    84.9 0.77 0.76
   3   3.2 0.86 0.62   -20.6     3.6     8.8    409   115.2    88.0 0.76 0.73
   4   4.2 0.76 0.67   -29.0    -1.0     4.6    418   116.5    88.5 0.81 0.77
   5   5.1 0.93 0.48   -35.0    -5.1     0.9    423   118.2    89.9 0.83 0.79
   6   6.1 0.95 0.43   -33.5    -4.1     1.2    424   122.3    90.1 0.86 0.82
   7   7.0 0.96 0.47   -32.7    -5.2    -4.1    425   118.1    41.1 0.84 0.83
   8   7.9 0.97 0.39   -38.9    -8.5    -8.5    421   127.6    -0.1 0.82 0.80
   9   8.9 0.83 0.70   -40.1    -8.2    -9.0    412   126.6    -0.1 0.85 0.82
  10   9.8 0.93 0.58   -35.9    -5.5    -7.1    403   134.3    55.0 0.83 0.80
  11  10.7 0.92 0.77   -30.4    -3.0     0.0    396   135.3    -0.0 0.79 0.80

--- ep_teacher_whiteboard_1787941182_001 v5_6.pt -c: replan | t | gate | none | cmd chunk dz | cmd window dz | ACTUAL window dz | actual z | cmd window dy | ACTUAL dy | grip_cmd_max | grip_actual
   0   0.0 0.03 0.87    -2.9     5.6     5.1    341   -11.3   -11.7 0.83 0.72
   1   1.4 0.98 0.30     5.4    19.4    19.2    346   -14.1   -14.5 0.94 0.89
   2   2.3 1.00 0.03    18.4    35.2     6.4    366    -8.9    -3.9 1.02 0.89
   3   3.3 1.00 0.00    18.0    20.5     0.0    372    -1.8     0.0 1.07 0.89

--- ep_teacher_whiteboard_1787941222_002 v5_6.pt F: replan | t | gate | none | cmd chunk dz | cmd window dz | ACTUAL window dz | actual z | cmd window dy | ACTUAL dy | grip_cmd_max | grip_actual
   0   0.0 0.04 0.92   -65.5   -27.4   -22.2    297    11.2     8.9 0.73 0.55
   1   1.3 1.00 0.01   -57.4   -13.3   -15.6    274    14.1    14.4 0.77 0.70
   2   2.3 1.00 0.00   -46.4    -8.4    -8.5    259    17.3    16.8 0.83 0.78
   3   3.2 1.00 0.00   -45.8    -6.1    -7.3    250    22.0    23.0 0.86 0.83
   4   4.1 1.00 0.00   -52.4    -9.0    -8.6    243    36.2    36.0 0.88 0.84
   5   5.0 1.00 0.00   -51.1    -9.9    -8.7    234    24.1    27.2 0.86 0.83
   6   6.0 1.00 0.01   -55.8   -10.6   -11.2    226    31.0    30.3 0.90 0.87
   7   6.9 1.00 0.00   -59.6   -16.5   -17.2    214    37.9    35.4 0.87 0.84
   8   7.8 1.00 0.00   -62.6   -17.8   -16.4    197    36.5    37.4 0.86 0.83
   9   8.8 1.00 0.00   -62.8   -19.1   -19.9    181    24.9    27.0 0.84 0.81
  10   9.7 1.00 0.01   -62.9   -18.4   -18.9    161    31.9    32.0 0.87 0.84
  11  10.6 1.00 0.00   -66.3   -20.1   -19.6    142    39.9    39.5 0.89 0.86
  12  11.5 1.00 0.00   -68.9   -22.2   -22.7    122    40.0    40.9 0.85 0.84
  13  12.4 1.00 0.01   -68.1   -21.9   -23.0    100    42.3    43.3 0.85 0.82
  14  13.3 1.00 0.01   -65.6   -21.7   -22.5     77    35.5    34.7 0.87 0.85
  15  14.3 1.00 0.01   -62.3   -18.6   -17.1     54    35.5    36.6 0.89 0.86
  16  15.2 1.00 0.00   -65.3   -18.7    -1.5     37    31.2    10.8 0.90 0.87
  17  16.2 1.00 0.00   -65.1   -19.4     0.0     36    32.5     0.0 0.88 0.87

--- ep_teacher_whiteboard_1787943872_000 v5_6.pt -: replan | t | gate | none | cmd chunk dz | cmd window dz | ACTUAL window dz | actual z | cmd window dy | ACTUAL dy | grip_cmd_max | grip_actual
   0   0.0 0.04 0.86    25.0    28.6    26.5    307    82.6    57.2 0.78 0.76
   1   1.3 0.45 0.89    -1.2    19.6    22.6    333   138.3    87.2 0.79 0.78
   2   2.2 0.88 0.63    -6.0    16.4    17.2    356   134.9    84.2 0.79 0.76
   3   3.2 0.90 0.63   -22.0     4.1     9.4    373   122.6    88.0 0.79 0.76
   4   4.1 0.93 0.49   -20.6     2.7     7.7    383   148.5    92.5 0.79 0.78
   5   5.0 0.89 0.65   -30.2    -4.3     4.4    390   139.8    58.7 0.76 0.74
   6   6.0 0.56 0.87   -19.3     6.4     0.0    395   141.2     0.0 0.81 0.74

--- ep_teacher_waffles_1787944282_000 v5_6.pt -c: replan | t | gate | none | cmd chunk dz | cmd window dz | ACTUAL window dz | actual z | cmd window dy | ACTUAL dy | grip_cmd_max | grip_actual
   0   0.0 0.03 0.94     5.2    21.0    21.1    362    48.7    39.8 0.52 0.49
   1   1.3 0.10 0.90    64.1    67.8    60.3    383    61.3    49.9 0.52 0.50
   2   2.2 0.03 0.98    51.7    58.8    54.2    443    81.3    62.5 0.52 0.50
   3   3.2 0.04 0.98    15.2    36.6    40.9    497   103.1    77.0 0.53 0.52
   4   4.1 0.11 0.95    -9.7    12.5    15.6    538    99.6    85.4 0.53 0.52
   5   5.0 0.16 0.93   -20.6     6.8     8.4    554    88.1    83.1 0.54 0.53
   6   6.0 0.10 0.94    17.6    28.8   226.3    562    56.0    93.1 0.53 0.51
   7   6.9 0.12 0.89    18.1    27.6     0.0    788    47.8     0.0 0.53 0.51

--- ep_teacher_waffles_1787944399_001 v5_6.pt -c: replan | t | gate | none | cmd chunk dz | cmd window dz | ACTUAL window dz | actual z | cmd window dy | ACTUAL dy | grip_cmd_max | grip_actual
   0   0.0 0.02 0.93     6.3     4.3    -0.2    319   -13.7   -13.0 0.39 0.35
   1   1.3 0.02 0.93    39.1    31.5    28.0    319   -16.0   -15.0 0.44 0.41
   2   2.2 0.16 0.89    64.6    48.3   443.6    347   -16.0   255.9 0.46 0.45
   3   3.2 0.06 0.95    70.3    54.0     0.0    790   -13.3     0.0 0.49 0.45

--- ep_teacher_waffles_1787944578_002 v5_6.pt F: replan | t | gate | none | cmd chunk dz | cmd window dz | ACTUAL window dz | actual z | cmd window dy | ACTUAL dy | grip_cmd_max | grip_actual
   0   0.0 0.04 0.93   -53.0   -37.7   -24.3    353     5.0    -0.2 0.47 0.40
   1   1.3 0.07 0.87   -28.8   -20.9   -27.5    329     4.2     6.4 0.48 0.45
   2   2.2 0.08 0.84   -12.5    -9.1   -11.9    302     1.9     2.6 0.48 0.45
   3   3.1 0.10 0.85     2.5     1.8     0.3    290     1.4     1.6 0.49 0.47
   4   4.0 0.13 0.80    10.2     8.7     7.4    290     3.2     4.0 0.49 0.47
   5   5.0 0.12 0.83    13.2    11.4    11.7    297     5.0     4.5 0.49 0.47
   6   5.9 0.11 0.82    13.3    10.9     9.9    309     5.1     5.4 0.49 0.47
   7   6.8 0.06 0.88     9.6    10.0    10.6    319     5.2     5.4 0.49 0.47
   8   7.8 0.12 0.82    14.4    13.4    13.4    330     6.7     6.5 0.50 0.48
   9   8.7 0.08 0.83    17.1    16.0    15.7    343     8.2     8.5 0.48 0.46
  10   9.7 0.07 0.88     9.9    10.3    10.4    359     9.1     8.8 0.49 0.47
  11  10.6 0.07 0.88     9.1    10.8    10.8    369     8.5     8.5 0.49 0.47
  12  11.6 0.08 0.86     0.3     3.3     4.3    380    14.0    13.2 0.50 0.49
  13  12.5 0.08 0.85     1.8     6.0     5.3    384     8.5     9.4 0.50 0.48
  14  13.4 0.09 0.85    -2.1     1.5     1.6    389     7.9     8.3 0.49 0.47
  15  14.4 0.07 0.87     0.3     2.2     0.8    391     9.5    10.2 0.48 0.47
  16  15.3 0.06 0.89    -1.2     1.0     1.2    392     5.5     5.9 0.48 0.46
  17  16.3 0.06 0.90    -5.9    -3.2    -2.3    393     6.2     5.6 0.49 0.47
  18  17.2 0.06 0.90    -5.3    -2.3    -3.1    391     5.4     6.4 0.50 0.48
  19  18.1 0.06 0.89     0.8     1.5    -0.9    388     4.6     0.9 0.49 0.48

--- ep_teacher_Carton_1787944743_000 teacher_020000.pt -c: replan | t | gate | none | cmd chunk dz | cmd window dz | ACTUAL window dz | actual z | cmd window dy | ACTUAL dy | grip_cmd_max | grip_actual
   0   0.0 0.03 0.93    61.9    58.5    38.2    313   129.0    68.4 0.46 0.45
   1   1.3 0.04 0.98    55.1    49.4    39.7    351   114.9    79.4 0.45 0.45
   2   2.3 0.02 0.99    20.8    30.9    26.3    391   146.6    84.5 0.47 0.44
   3   3.2 0.04 0.98    17.7    24.1    18.9    417   139.4    85.7 0.46 0.44
   4   4.2 0.03 0.99     8.1    16.9    13.4    436   164.3    94.0 0.47 0.44
   5   5.1 0.03 0.99    13.7    19.1    13.4    449   136.9    88.2 0.46 0.45
   6   6.1 0.04 0.98    25.9    26.2     9.3    463   128.2    47.5 0.46 0.44
   7   7.0 0.02 0.99    29.0    28.6     0.0    472   130.8     0.0 0.46 0.44

--- ep_teacher_Carton_1787944853_001 teacher_020000.pt -c: replan | t | gate | none | cmd chunk dz | cmd window dz | ACTUAL window dz | actual z | cmd window dy | ACTUAL dy | grip_cmd_max | grip_actual
   0   0.0 0.02 0.97    28.2    16.1     8.5    354    -5.6    -4.2 0.38 0.36
   1   1.4 0.02 0.99    67.9    49.0   199.8    363   -22.3   112.1 0.40 0.36
   2   2.3 0.01 1.00    74.4    52.6     1.0    562   -14.3    -0.1 0.43 0.36

--- ep_teacher_Carton_1787944930_002 teacher_020000.pt F: replan | t | gate | none | cmd chunk dz | cmd window dz | ACTUAL window dz | actual z | cmd window dy | ACTUAL dy | grip_cmd_max | grip_actual
   0   0.0 0.04 0.94   -90.0   -59.2   -50.3    337    52.3    43.1 0.47 0.39
   1   1.3 0.07 0.98   -80.0   -48.9   -52.9    287    52.8    55.4 0.47 0.43
   2   2.3 0.04 0.97   -66.6   -41.2   -44.8    234    55.7    56.1 0.46 0.43
   3   3.2 0.04 0.97   -57.9   -35.6   -36.2    189    52.5    57.1 0.47 0.45
   4   4.1 0.05 0.96   -52.1   -28.9   -30.4    153    53.8    52.0 0.47 0.45
   5   5.1 0.02 0.99   -41.7   -22.0   -22.7    122    52.7    52.9 0.48 0.46
   6   6.0 0.03 0.98   -40.4   -19.9   -21.6    100    65.5    58.0 0.48 0.45
   7   6.9 0.08 0.94   -46.3   -23.4   346.4     78    62.3   137.1 0.48 0.46
   8   7.9 0.01 0.99   -50.6   -26.1     0.0    424    55.3     0.0 0.49 0.46

--- ep_teacher_waffles_1787945153_000 teacher_020000.pt -: replan | t | gate | none | cmd chunk dz | cmd window dz | ACTUAL window dz | actual z | cmd window dy | ACTUAL dy | grip_cmd_max | grip_actual
   0   0.0 0.02 0.97     9.6    20.6    19.3    329    90.6    65.7 0.52 0.49
   1   1.3 0.10 0.96    33.9    44.0    38.0    349   102.5    76.4 0.53 0.51
   2   2.3 0.06 0.98    32.0    39.4    37.2    386    92.9    76.0 0.53 0.51
   3   3.2 0.14 0.94   -21.4     5.1    14.1    424   126.6    86.1 0.55 0.53
   4   4.1 0.08 0.98   -42.1   -13.8    -4.1    438   122.4    92.1 0.56 0.54
   5   5.1 0.16 0.96   -38.2    -6.9    -2.8    434   117.3    90.5 0.55 0.54
   6   6.0 0.19 0.95   -37.2    -5.7    -3.2    431   103.6    88.2 0.56 0.54
   7   7.0 0.13 0.96   -17.1     1.5    -5.4    428   100.2     5.3 0.55 0.54
   8   7.9 0.30 0.89   -20.3     0.4     0.0    422   107.3     0.0 0.54 0.54
